-945
-128
761
-147
357
469
925
-979
490
169
13
-59
800
-225
560
84
552
856
-825
763
-537
679
-925
381
-764
-889
-284
-842
-253
532
-146
-201
-147
196
995
-397
-355
847
724
-810
-324
-359
-119
-921
263
-507
785
778
508
-573
-819
160
74
-366
84
763
-474
265
879
-545
828
-176
442
326
-523
-93
524
-819
-585
354
-454
-758
-93
227
158
-823
338
-865
-806
-138
731
133
32
842
754
193
412
8
294
-690
752
905
-38
925
-814
-574
-714
-74
-788
-862
168
681
-153
34
49
428
-281
17
-471
-583
790
580
-582
706
-358
734
-483
23
-230
463
-840
-345
765
495
680
-429
-220
923
-361
-866
748
845
-140
538
200
865
783
-633
-518
-602
683
69
985
403
-196
70
729
-543
424
-175
-15
-739
-263
-36
208
807
398
-336
660
735
23
897
-819
538
-275
570
-711
-493
401
879
-392
-883
-962
-633
-11
649
935
-34
1
-185
101
-546
966
-726
852
604
770
-134
-154
406
-394
-457
-380
-292
861
-279
972
699
742
193
292
-591
138
46
363
-437
-593
444
391
725
-70
-841
866
143
-580
-86
-946
77
74
321
-30
618
-958
521
991
636
510
850
51
571
137
327
-939
797
-106
455
-91
-796
-948
580
-627
-858
409
-618
-783
684
-314
-686
496
-59
681
190
952
-470
168
-244
264
-743
-345
-724
507
878
-467
-682
905
50
-963
-459
270
-12
815
770
-361
257
-480
33
996
-275
841
-989
976
-429
-690
410
-505
-957
877
-251
-512
-848
728
-622
554
-515
-855
267
-988
-32
-111
901
-635
-431
-164
468
-743
502
-822
-504
-136
-411
550
553
-10
-35
889
875
240
601
584
157
-752
-380
720
-422
143
-745
-91
745
653
-947
-5
-532
798
600
112
887
-524
-419
-850
-844
179
335
262
511
-978
611
963
409
589
827
612
-213
-193
-124
-924
459
-585
-207
705
-359
-510
314
-736
-443
479
-994
243
-673
986
-705
386
169
-326
209
-486
-18
-691
850
-912
63
-566
41
376
-28
-240
708
146
-525
-640
989
-651
-167
-323
86
412
837
-171
373
112
225
962
-903
863
569
61
811
-318
324
-60
130
-818
213
-321
277
-232
746
755
-824
-532
759
984
-838
650
706
119
-629
687
-770
707
-818
-981
-94
-168
-824
592
743
-676
-955
403
-38
-493
-547
54
442
-944
596
-373
-417
943
-342
-883
-642
-231
60
-739
329
454
-39
-959
-108
-962
-102
634
692
-362
817
-877
460
731
-400
559
47
-144
473
268
715
923
89
248
673
-287
280
-336
224
795
-186
-408
432
-627
681
363
-638
-736
-659
-884
-395
-793
38
538
-408
838
-394
565
-289
739
-934
-371
-298
-302
496
-793
152
587
-844
-315
252
-562
-32
-463
268
105
244
497
-142
-955
419
143
905
49
354
250
-257
890
487
20
530
921
945
-880
735
-591
655
650
-908
807
703
-369
521
339
733
-16
820
625
68
944
-138
615
-660
-737
53
-113
845
-252
663
-303
122
-59
-377
-425
345
-852
736
579
-554
885
-362
-33
921
-176
65
56
-411
420
-914
-675
-908
-120
-142
-745
117
751
-397
577
572
-870
229
858
24
-954
-262
111
-435
-596
754
412
254
-546
299
828
375
-371
737
-713
-447
553
281
-115
649
71
584
628
-996
-534
672
224
-806
-453
102
527
655
-426
368
-131
-482
-329
-432
-914
-449
-467
576
290
-701
98
-585
663
115
-448
336
556
-132
577
-616
592
555
246
906
197
584
-245
-112
107
-557
-361
491
997
-830
659
-360
-8
879
-900
-80
487
967
-748
-444
-164
360
668
-415
-966
283
996
369
376
-801
-814
10
368
-805
-287
4
249
247
939
85
694
475
237
-788
-537
640
681
853
-228
708
-704
125
-708
376
-726
708
152
217
-804
576
-711
-962
454
-166
455
-610
214
631
460
-860
-64
744
595
-777
-41
-353
-114
-997
988
748
827
700
647
-637
212
495
-206
-809
-776
-820
-101
-493
668
327
-915
-891
341
875
578
-506
213
459
910
-67
-638
-794
649
832
604
-358
-460
1
-129
-259
-424
475
311
-295
100
644
233
200
-722
994
-709
-679
-921
316
344
583
620
-201
-362
-130
430
-442
104
-695
994
-654
-599
807
245
14
49
-470
-21
52
-687
836
63
941
393
231
-699
-462
-522
996
-311
105
730
-260
148
-131
-156
-786
377
-216
-763
-951
5
449
618
-427
698
-449
133
-338
-148
142
485
-112
-720
-745
811
85
953
-161
-945
644
-892
160
-867
708
-500
-463
320
-110
-953
969
-496
811
-248
965
313
-910
-203
-656
-621
-794
390
-888
-920
-850
-988
-660
-526
113
-542
-731
128
-787
-927
851
-367
-945
-744
-12
-457
413
837
-281
-948
-191
-186
-934
187
-106
771
362
-806
595
-518
781
800
453
-553
432
99
295
314
-22
254
896
258
68
-646
-733
36
-736
-286
-432
358
-130
-383
394
518
-4
348
853
461
256
-548
-537
373
-789
-328
578
903
384
-946
390
-403
-111
-883
-915
117
805
-741
-408
-374
223
-438
283
730
-530
-661
526
480
307
338
46
-230
-348
-104
-703
869
-150
841
-58
122
-219
-282
-258
-575
-941
582
-948
746
233
-105
611
390
-54
484
588
-70
-722
-986
217
482
689
-155
-922
-33
-786
-194
-581
671
661
-808
31
406
-945